Брюнетка,1,183,3,100,1
Рыжая,1,170,0,80,1
Брюнетка,1,165,3,90,1
Брюнетка,1,169,2,100,1
Брюнетка,0,166,3,100,2
Блондинка,0,169,0,100,2
Блондинка,1,184,2,80,1
Шатенка,1,171,1,90,1
Рыжая,0,162,1,100,2
Рыжая,0,164,0,90,3
Блондинка,0,169,2,100,2
Блондинка,1,170,0,90,1
Рыжая,1,168,3,80,1
Шатенка,0,169,0,80,2
Рыжая,0,182,3,80,4
Шатенка,1,168,2,100,1
Брюнетка,0,185,1,100,2
Рыжая,0,176,1,100,2
Шатенка,0,165,3,80,3
Брюнетка,0,179,1,100,2
Шатенка,1,181,1,100,1
Блондинка,0,164,3,90,4
Шатенка,1,173,3,90,1
Брюнетка,0,163,2,90,3
Рыжая,0,161,0,100,2
Блондинка,1,179,0,90,1
Шатенка,0,175,3,90,4
Рыжая,1,184,1,100,1
Блондинка,1,185,0,100,1
Блондинка,1,172,0,100,1
Блондинка,1,168,0,100,1
Шатенка,0,166,3,100,2
Рыжая,0,182,2,100,3
Рыжая,0,173,2,100,3
Рыжая,0,175,0,80,3
Блондинка,1,161,3,90,1
Блондинка,1,163,0,100,1
Рыжая,1,183,2,80,1
Блондинка,1,165,2,80,1
Рыжая,0,170,0,90,3
